5700
7456
8367
2224
8589
6306
9197
8284
3831
2415
3236
9561
2461
7359
3547
7315
1528
8575
2924
5924
6509
3170
6738
8585
2732
9685
2595
2186
3795
7026
2711
8085
5056
8878
8463
3155
9160
3083
2394
4846
7876
2982
4439
5015
5954
1220
3803
4328
1400
6175
6195
5668
9632
3403
2933
7715
6722
7595
7250
2017
9058
8823
7385
6859
9650
7844
1582
7004
8296
5706
3206
2508
9540
9475
2968
3426
5983
4463
5913
9313
7899
6633
3597
1547
1635
4715
5824
6595
4562
8481
6693
9879
4973
3804
5456
6523
5741
2089
7861
7733
2843
8987
7568
7163
3465
5445
1385
4251
4334
6788
9322
2539
1966
3591
8289
7946
2914
6119
9880
8953
6182
1939
2615
1385
7042
2221
4620
1957
3685
5271
3573
1563
2723
9971
4033
8201
5993
3196
2593
9590
5033
3938
3316
9904
1998
2762
7063
6434
2832
9784
3127
7833
8586
9387
8574
5701
6988
9894
7142
8362
5557
7709
2682
4923
1323
6325
3863
5307
8051
2557
6346
6723
8492
2730
7647
2745
1238
7229
3247
7599
3930
2895
9747
9088
9141
6932
2107
1577
7705
5134
5591
2940
3712
8130
6325
5460
2968
3995
6375
6145