27727886
27626124
27638677
27426050
27329517
27235954
27737211
27396574
27395376
27156080
27600986
27130629
27956105
27648772
27510365
27371835
27368086
27057696
27534135
27599849
27801848
27723536
27111544
27168797
27565811
27375031
27863437
27190147
27447071
27630145
27731179
27285704
27760108
27002182
27324507
27349331
27583988
27728043
27272494
27211711
27897812
27038244
27809723
27883752
27412257
27910675
27561733
27580161
27101327
27398384
27842376
27705400
27586560
27302091
27931341
27522686
27626715
27016244
27411248
27018998
27982033
27558346
27608203
27979091
27707652
27159769
27213415
27339285
27824630
27164444
27871777
27837694
27662424
27726385
27351994
27467316
27120822
27678503
27586844
27061645
27375256
27794433
27121719
27887642
27505998
27792356
27073191
27558205
27694536
27203919
27111719
27772690
27725265
27047838
27620552
27568480
27833940
27062013
27707250
27490279
27246378
27136294
27525564
27968004
27935833
27777614
27987692
27113759
27991192
27405831
27376900
27178234
27456499
27253121
27887625
27126696
27667805
27908585
27222474
27239694
27912625
27628810
27247690
27245371
27177530
27679582
27621350
27263762
27608473
27538690
27001183
27832052
27084845
27848484
27240842
27376523
27829425
27866435
27771374
27953391
27432488
27807487
27680261
27505060
27121557
27136403
27837615
27821708
27655363
27954002
27292625
27830222
27394656
27424002
27977354
27947810
27727464
27464109
27778196
27303897
27929592
27312232
27398765
27529978
27709487
27839328
27410670
27648776
27425819
27637496
27197548
27030594
27689613
27024997
27401757
27378756
27680873
27020025
27204729
27370364
27726991
27362420
27439560
27371045
27244335
27396566
27864785
27974282
27131957
27109620
27497608
27649489
27578066
27488235
27807152
27400016
27208617
27186363
27049596
27270545
27464770
27487353
27594993
27121547
27562707
27087487
27176432
27427251
27371013
27500867
27845038
27622677
27022591
27035692
27051525
27167143
27985225
27567152
27456353
27556078
27037389
27633654
27889970
27097087
27729355
27343297
27231555
27266324
27330144
27555639
27366131
27112268
27490292
27455582
27937940
27493317
27683201
27234068
27086749
27031305
27335844
27846731
27686150
27689174
27893880
27379095
27391206
27848590
27098834
27275522
27101103
27373251
27342558
27680321
27501497
27487895
27012000
27212166
27208213
27099999
27277875
27350834
27235957
27416268
27617013
27815139
27825193
27399380
27370761
27963081
27101307
27258252
27156205
27771747
27289556
27465775
27056647
27990818
27249158
27837725
27243595
27378338
27853475
27034405
27318738
27737955
27428894
27763235
27675777
27719725
27563154
27972073
27288056
27815929
27025113
27551748
27242013
27724091
27363810
27421272
27497087
27783411
27930259
27306545
27895134
27316997
27342046
27335602
27946632
27234385
27648973
27214766
27013076
27022645
27395226
27426277
27351442
27812115
27219706
27589579
27247137
27396217
27881139
27146717
27454359
27234235
27635576
27888511
27855892
27882939
27341503
27580745
27683094
27473849
27045142
27496880
27410101
27652354
27159885
27164502
27087626
27504254
27267470
27763744
27790754
27541919
27829942
27516944
27688824
27626266
27146199
27535135
27269956
27792107
27694828
27043775
27084559
27865621
27026177
27152217
27457156
27337210
27400157
27730777
27127861
27726908
27444424
27716618
27500434
27379668
27281117
27856995
27816470
27976243
27992290
27513095
27876264
27520670
27394513
27820854
27238867
27056024
27548731
27500742
27886405
27888255
27310964
27450808
27528454
27832412
27825531
27371543
27770350
27076359
27980278
27015653
27176583
27216761
27552499
27048481
27110686
27782662
27431353
27793511
27878757
27616185
27661825
27677197
27175011
27317172
27632059
27811908
27056102
27744596
27103433
27219054
27883410
27731918
27232828
27010801
27998200
27315054
27198215
27430066
27345522
27599032
27232267
27120232
27201860
27446620
27807504
27885222
27468144
27998577
27705182
27502320
27232394
27286188
27202984
27551481
27077548
27267687
27178275
27640604
27164980
27570467
27141583
27493519
27970014
27426002
27075074
27636453
27381926
27072914
27824199
27695725
27946792
27617014
27343868
27089888
27108154
27886802
27772234
27415219
27942145
27740651
27656061
27876162
27816681
27466846
27398989
27039742
27242037
27425749
27630988
27035733
27722916
27268503
27399187
27690481
27169017
27269929
27467766
27204121
27188806
27123507
27016303
27650628
27478896
27622083
27695737
27177858
27234072
27737063
27754188
27672329
27930109
27542482
27409784
27082832