1007 1008 1005 1004
1001 1002 1002 6572
1002 1009 1001 1001
1006 1002 1002 1002
1005 1006 1009 1009
1001 1000 1003 1001
1003 5936 1000 1001
1006 7184 1009 1001
1006 1001 1009 1005
1001 4293 1006 3817
8815 1004 1007 1004
1001 2772 1000 1006
1001 1007 1002 1005
1008 1006 1004 1007
1001 1002 1008 1007
1007 1002 1006 1007
1004 1008 1000 1008
1003 1007 4153 1009
1007 1000 1002 1007
1002 1009 1005 1003
4098 1007 1007 1002
1002 1006 1009 1007
1000 1006 1002 1007
1002 5446 1004 1001
1008 1009 1009 1003
1001 1004 1009 1009
1009 1008 1006 1004
1004 1002 1008 1003
1003 1002 5859 1000
1003 1008 9414 1008
1008 1002 1000 1007
1002 1000 1005 1009
1001 1009 1008 1005
1008 1002 1001 1002
1001 1004 1002 1002
1005 1003 1001 1000
1003 1000 1000 9388
1008 1008 1005 1009
1005 1003 1008 1002
1009 1004 1006 1001
7549 1003 1008 1006
1001 1005 1005 1002
1001 4109 1003 1008
1001 1001 1000 4343
1003 1005 1006 8274
1004 1008 1003 1005
1008 1005 1002 1001
1002 1004 1003 1006
1004 1007 2420 1007
1003 3236 6113 1000