85 82 22 50
21 91 63 55
87 42 56 46
90 67 19 89
92 44 24 53
26 46 86 28
27 88 37 22
68 84 18 11
76 25 94 57
75 27 45 48
44 92 13 26
28 34 62 92
69 84 79 71
18 30 17 52
16 40 43 34
61 24 57 52
35 26 95 56
28 42 76 27
14 20 21 94
73 41 79 99
60 91 77 61
99 51 78 68
24 12 66 31
60 17 88 57
85 45 35 39
72 81 31 86
87 77 97 20
63 53 39 33
61 62 33 32
97 21 88 69
26 19 59 53
78 51 69 16
10 54 77 12
56 13 80 23
15 47 48 62
70 76 50 22
76 29 72 10
41 59 41 67
30 36 18 72
70 67 78 80
47 19 48 14
94 30 44 31
56 23 82 24
96 46 46 83
64 74 50 87
39 86 70 98
54 43 97 58
59 21 34 75
12 99 11 45
25 11 54 38
63 48 65 38
71 93 97 45
35 74 66 22
71 64 43 96
95 68 93 62
19 40 29 42
95 52 38 84
55 29 52 17
78 80 49 72
29 83 23 91
43 39 86 13
79 83 17 50
73 14 29 13
30 41 99 67
32 31 98 66
51 90 69 88
71 16 55 65
44 80 47 64
90 47 23 10
66 22 36 63
11 18 44 54
40 75 25 12
37 24 77 43
28 94 73 13
57 35 98 61
15 16 27 25
92 39 20 34
85 68 12 96
35 81 10 26
38 23 20 32
19 98 33 36
85 81 55 32
70 42 74 58
87 15 49 40
15 41 30 81
21 45 95 51
49 14 75 36
59 53 11 37
14 37 65 93
31 46 42 37
25 58 28 82
15 91 96 60
82 18 27 60
74 89 93 83
16 79 64 32
90 20 36 33
40 17 89 73
38 34 89 49
58 84 65 33