146732
111102
143496
169204
132384
100189
163342
158267
192512
194983
125996
108223
106138
156414
107739
120385
162791
139100
168309
146678
140262
100169
101735
128854
117884
150151
162924
116686
101498
185725
167052
126612
101399
115772
113219
165495
116268
117033
163647
144125
162667
166775
103614
162350
142925
126096
173216
160113
137284
136769
196950
198393
131207
106935
171252
165467
100887
135685
113074
171209
101613
140646
161859
159384
175741
122637
121895
192412
141528
125446
154375
188497
102445
132656
139352
105305
178148
166142
160128
147328
192708
173424
127577
198337
133964
127593
191186
157434
152476
177752
154612
122607
175147
186385
140709
156953
142517
186223
108295
134450